     0	     0	   1.17707
     1	     0	   1.15891
     2	     0	   1.13613
     3	     0	   1.17992
     4	     0	   1.19075
     5	     0	   1.14718
     6	     0	    1.1356
     7	     0	   1.12435
     8	     0	   1.16361
     9	     0	   1.10085
    10	     0	    1.1156
    11	     0	   1.10101
    12	     0	   1.15415
    13	     0	   1.12345
    14	     0	   1.12911
    15	     0	   1.16557
    16	     0	   1.15948
    17	     0	   1.16367
    18	     0	   1.15689
    19	     0	    1.1499
    20	     0	   1.17798
    21	     0	   1.17723
    22	     0	   1.15009
    23	     0	   1.14998
    24	     0	   1.18561
    25	     0	   1.21089
    26	     0	   1.14729
    27	     0	   1.12959
    28	     0	   1.16579
    29	     0	   1.15013
    30	     0	   1.13155
    31	     0	   1.15948
    32	     0	    1.1624
    33	     0	   1.17277
    34	     0	    1.1478
    35	     0	   1.14888
    36	     0	   1.12171
    37	     0	   1.17433
    38	     0	   1.14781
    39	     0	   1.14208
    40	     0	   1.14707
    41	     0	   1.14625
    42	     0	   1.14729
    43	     0	   1.16159
    44	     0	   1.13612
    45	     0	    1.1294
    46	     0	   1.13171
    47	     0	   1.13272
    48	     0	   1.10081
    49	     0	   1.17692
    50	     0	   1.14584
    51	     0	   1.15193
    52	     0	   1.13601
    53	     0	   1.15007
    54	     0	    1.1333
    55	     0	   1.17686
    56	     0	   1.18371
    57	     0	   1.15917
    58	     0	   1.14955
    59	     0	   1.15905
    60	     0	   1.13527
    61	     0	   1.13167
    62	     0	   1.11828
    63	     0	   1.15005
    64	     0	     1.136
    65	     0	   1.17985
    66	     0	   1.16407
    67	     0	   1.17452
    68	     0	   1.16773
    69	     0	   1.11861
    70	     0	   1.13606
    71	     0	   1.14116
    72	     0	   1.13655
    73	     0	   1.16606
    74	     0	   1.18185
    75	     0	    1.1592
    76	     0	   1.15618
    77	     0	   1.14215
    78	     0	   1.19093
    79	     0	   1.16289
    80	     0	   1.14721
    81	     0	   1.15972
    82	     0	   1.14176
    83	     0	   1.18376
    84	     0	   1.15985
    85	     0	   1.13582
    86	     0	   1.15912
    87	     0	    1.1589
    88	     0	    1.1541
    89	     0	   1.15009
    90	     0	   1.10686
    91	     0	   1.14115
    92	     0	    1.1155
    93	     0	   1.17742
    94	     0	   1.13135
    95	     0	   1.13451
    96	     0	   1.13163
    97	     0	   1.14731
    98	     0	   1.14724
    99	     0	   1.19008
   100	     0	   1.15346
   101	     0	   1.13149
   102	     0	   1.15432
   103	     0	   1.14802
   104	     0	   1.16022
   105	     0	   1.15865
   106	     0	   1.15876
   107	     0	     1.161
   108	     0	   1.17478
   109	     0	   1.15386
   110	     0	   1.15909
   111	     0	   1.13192
   112	     0	   1.17722
   113	     0	   1.14689
   114	     0	   1.18423
   115	     0	   1.15968
   116	     0	    1.1277
   117	     0	   1.15652
   118	     0	   1.12553
   119	     0	   1.15861
   120	     0	   1.17273
   121	     0	   1.11734
   122	     0	   1.15878
   123	     0	   1.18247
   124	     0	   1.13834
   125	     0	   1.15425
   126	     0	   1.15904
   127	     0	   1.11802
   128	     0	   1.15117
   129	     0	   1.16662
   130	     0	   1.16241
   131	     0	   1.18398
   132	     0	   1.15885
   133	     0	   1.17719
   134	     0	   1.13605
   135	     0	   1.13346
   136	     0	   1.13187
   137	     0	   1.15004
   138	     0	   1.17841
   139	     0	   1.15925
   140	     0	   1.16044
   141	     0	   1.14593
   142	     0	   1.18415
   143	     0	   1.15383
   144	     0	   1.15793
   145	     0	   1.16972
   146	     0	    1.1469
   147	     0	   1.13178
   148	     0	   1.15023
   149	     0	   1.15065
   150	     0	   1.15158
   151	     0	    1.1316
   152	     0	   1.12863
   153	     0	    1.1903
   154	     0	   1.16675
   155	     0	   1.13704
   156	     0	   1.16591
   157	     0	   1.17476
   158	     0	   1.14234
   159	     0	   1.13145
   160	     0	   1.17539
   161	     0	   1.15889
   162	     0	   1.12117
   163	     0	   1.17436
   164	     0	   1.10111
   165	     0	   1.13609
   166	     0	    1.1744
   167	     0	   1.13918
   168	     0	   1.17899
   169	     0	   1.14727
   170	     0	   1.12991
   171	     0	    1.1645
   172	     0	    1.1431
   173	     0	   1.14218
   174	     0	   1.13154
   175	     0	   1.09799
   176	     0	     1.149
   177	     0	   1.14589
   178	     0	   1.14723
   179	     0	    1.1499
   180	     0	   1.13604
   181	     0	   1.14229
   182	     0	   1.16244
   183	     0	    1.1748
   184	     0	   1.11231
   185	     0	   1.13767
   186	     0	   1.15875
   187	     0	   1.15107
   188	     0	   1.16213
   189	     0	    1.1509
   190	     0	   1.14405
   191	     0	   1.17948
   192	     0	   1.17438
   193	     0	   1.15826
   194	     0	   1.15263
   195	     0	   1.14906
   196	     0	   1.19703
   197	     0	    1.1666
   198	     0	   1.11626
   199	     0	   1.14723
   200	     0	   1.16431
   201	     0	   1.16133
   202	     0	   1.16571
   203	     0	   1.15917
   204	     0	   1.15882
   205	     0	    1.1359
   206	     0	   1.16358
   207	     0	   1.17344
   208	     0	    1.1509
   209	     0	    1.1124
   210	     0	   1.14084
   211	     0	   1.16168
   212	     0	   1.12352
   213	     0	   1.14417
   214	     0	   1.14188
   215	     0	    1.1454
   216	     0	   1.13136
   217	     0	   1.18178
   218	     0	   1.14788
   219	     0	   1.19945
   220	     0	   1.13516
   221	     0	   1.12666
   222	     0	    1.1597
   223	     0	    1.1593
   224	     0	   1.16353
   225	     0	   1.13819
   226	     0	   1.17121
   227	     0	   1.10084
   228	     0	   1.14733
   229	     0	   1.16146
   230	     0	   1.16176
   231	     0	   1.15868
   232	     0	   1.13615
   233	     0	   1.17707
   234	     0	   1.14124
   235	     0	   1.13587
   236	     0	   1.14173
   237	     0	    1.1621
   238	     0	   1.16794
   239	     0	   1.12277
   240	     0	   1.13466
   241	     0	   1.13591
   242	     0	   1.14789
   243	     0	   1.15008
   244	     0	   1.17876
   245	     0	   1.13148
   246	     0	   1.16526
   247	     0	   1.18205
   248	     0	   1.13543
   249	     0	   1.12186
   250	     0	   1.14782
   251	     0	    1.1457
   252	     0	   1.12921
   253	     0	   1.15122
   254	     0	    1.1634
   255	     0	   1.15023
   256	     0	   1.18417
   257	     0	   1.12192
   258	     0	   1.14727
   259	     0	   1.13285
   260	     0	   1.15934
   261	     0	   1.15983
   262	     0	   1.15951
   263	     0	   1.14214
   264	     0	   1.13905
   265	     0	   1.13896
   266	     0	   1.15279
   267	     0	   1.18386
   268	     0	   1.17134
   269	     0	    1.1175
   270	     0	   1.10101
   271	     0	   1.15451
   272	     0	   1.15114
   273	     0	   1.13024
   274	     0	   1.15399
   275	     0	   1.14798
   276	     0	   1.15092
   277	     0	   1.15214
   278	     0	   1.10101
   279	     0	   1.13652
   280	     0	   1.10097
   281	     0	   1.18246
   282	     0	   1.14144
   283	     0	   1.15415
   284	     0	    1.1841
   285	     0	   1.17353
   286	     0	   1.14019
   287	     0	   1.12653
   288	     0	    1.1475
   289	     0	   1.15777
   290	     0	   1.14642
   291	     0	   1.17453
   292	     0	   1.18748
   293	     0	   1.13384
   294	     0	   1.12193
   295	     0	   1.11538
   296	     0	   1.16146
   297	     0	   1.15961
   298	     0	   1.13987
   299	     0	    1.1595
   300	     0	   1.13572
   301	     0	   1.15422
   302	     0	   1.21111
   303	     0	   1.15844
   304	     0	   1.17972
   305	     0	   1.16599
   306	     0	   1.15932
   307	     0	   1.13562
   308	     0	   1.16586
   309	     0	   1.16766
   310	     0	    1.1771
   311	     0	   1.17455
   312	     0	   1.15779
   313	     0	   1.17465
   314	     0	   1.11588
   315	     0	   1.12266
   316	     0	   1.15897
   317	     0	   1.12253
   318	     0	   1.15067
   319	     0	   1.13761
   320	     0	   1.14828
   321	     0	   1.15353
   322	     0	   1.16768
   323	     0	   1.16543
   324	     0	   1.12352
   325	     0	   1.16141
   326	     0	   1.14241
   327	     0	   1.16728
   328	     0	   1.17419
   329	     0	     1.136
   330	     0	   1.12885
   331	     0	   1.12961
   332	     0	   1.15871
   333	     0	   1.13593
   334	     0	   1.14843
   335	     0	     1.166
   336	     0	   1.17427
   337	     0	   1.15325
   338	     0	    1.1656
   339	     0	   1.15762
   340	     0	   1.16829
   341	     0	   1.14169
   342	     0	    1.1463
   343	     0	   1.15278
   344	     0	   1.15486
   345	     0	   1.12182
   346	     0	   1.17081
   347	     0	   1.16344
   348	     0	   1.13154
   349	     0	   1.15907
   350	     0	   1.14717
   351	     0	   1.15911
   352	     0	   1.16555
   353	     0	   1.14682
   354	     0	   1.19024
   355	     0	   1.14809
   356	     0	    1.1593
   357	     0	    1.1623
   358	     0	   1.16578
   359	     0	   1.14401
   360	     0	   1.12274
   361	     0	    1.1854
   362	     0	   1.13588
   363	     0	   1.16112
   364	     0	   1.16371
   365	     0	   1.15937
   366	     0	   1.15591
   367	     0	   1.07266
   368	     0	   1.14015
   369	     0	    1.1441
   370	     0	    1.1426
   371	     0	   1.17699
   372	     0	   1.13598
   373	     0	   1.14224
   374	     0	   1.14431
   375	     0	   1.14186
   376	     0	   1.17146
   377	     0	   1.17862
   378	     0	    1.1235
   379	     0	   1.15901
   380	     0	   1.13188
   381	     0	     1.101
   382	     0	   1.12274
   383	     0	   1.15132
   384	     0	   1.12924
   385	     0	   1.15831
   386	     0	   1.12231
   387	     0	   1.15718
   388	     0	   1.14931
   389	     0	   1.13575
   390	     0	   1.17727
   391	     0	    1.1658
   392	     0	    1.1752
   393	     0	   1.14992
   394	     0	   1.12173
   395	     0	   1.11551
   396	     0	   1.13415
   397	     0	   1.19004
   398	     0	   1.16569
   399	     0	   1.13985
   400	     0	   1.14266
   401	     0	   1.14648
   402	     0	   1.14991
   403	     0	    1.1855
   404	     0	   1.15209
   405	     0	   1.16588
   406	     0	   1.15646
   407	     0	   1.15288
   408	     0	   1.16674
   409	     0	   1.14732
   410	     0	   1.15903
   411	     0	    1.1227
   412	     0	    1.1712
   413	     0	   1.09829
   414	     0	   1.17107
   415	     0	    1.1681
   416	     0	    1.1909
   417	     0	   1.16432
   418	     0	   1.19006
   419	     0	   1.10099
   420	     0	   1.17687
   421	     0	   1.16642
   422	     0	   1.16646
   423	     0	   1.11526
   424	     0	   1.16787
   425	     0	   1.17371
   426	     0	   1.16044
   427	     0	   1.14544
   428	     0	   1.16244
   429	     0	   1.16249
   430	     0	   1.16387
   431	     0	   1.13346
   432	     0	   1.14705
   433	     0	   1.15376
   434	     0	    1.1692
   435	     0	   1.14943
   436	     0	   1.12885
   437	     0	   1.12512
   438	     0	   1.15946
   439	     0	   1.15083
   440	     0	   1.14866
   441	     0	   1.14924
   442	     0	   1.15912
   443	     0	   1.18835
   444	     0	   1.15009
   445	     0	   1.13599
   446	     0	   1.15875
   447	     0	   1.15876
   448	     0	   1.13253
   449	     0	   1.09796
   450	     0	   1.17852
   451	     0	   1.15451
   452	     0	   1.15014
   453	     0	   1.16435
   454	     0	   1.15726
   455	     0	   1.15098
   456	     0	   1.16688
   457	     0	   1.14237
   458	     0	   1.13619
   459	     0	   1.14495
   460	     0	   1.17614
   461	     0	   1.11576
   462	     0	   1.15919
   463	     0	   1.14705
   464	     0	   1.10709
   465	     0	   1.15702
   466	     0	   1.14768
   467	     0	   1.16133
   468	     0	   1.19077
   469	     0	   1.12886
   470	     0	   1.18393
   471	     0	   1.16204
   472	     0	   1.17662
   473	     0	   1.15394
   474	     0	   1.13602
   475	     0	   1.12158
   476	     0	   1.16462
   477	     0	   1.11557
   478	     0	   1.13598
   479	     0	   1.13483
   480	     0	   1.16228
   481	     0	   1.15004
   482	     0	   1.14802
   483	     0	   1.15004
   484	     0	   1.13257
   485	     0	   1.12196
   486	     0	   1.12996
   487	     0	   1.13532
   488	     0	   1.13523
   489	     0	   1.18672
   490	     0	   1.15296
   491	     0	   1.14211
   492	     0	   1.14733
   493	     0	   1.15025
   494	     0	   1.15889
   495	     0	   1.15909
   496	     0	   1.16368
   497	     0	   1.13596
   498	     0	   1.13605
   499	     0	   1.13609
   500	     0	   1.13503
   501	     0	   1.13594
   502	     0	   1.10096
   503	     0	   1.15885
   504	     0	   1.12558
   505	     0	   1.14804
   506	     0	   1.16898
   507	     0	   1.11776
   508	     0	   1.11983
   509	     0	   1.14735
   510	     0	   1.21096
   511	     0	   1.14549
   512	     0	   1.15907
   513	     0	   1.18403
   514	     0	   1.16187
   515	     0	    1.1669
   516	     0	    1.1591
   517	     0	   1.15954
   518	     0	   1.16536
   519	     0	    1.1905
   520	     0	   1.15939
   521	     0	   1.12262
   522	     0	   1.15129
   523	     0	   1.16581
   524	     0	   1.12178
   525	     0	   1.13163
   526	     0	   1.14527
   527	     0	   1.13394
   528	     0	   1.13236
   529	     0	   1.21104
   530	     0	   1.14711
   531	     0	    1.1409
   532	     0	   1.17987
   533	     0	   1.18384
   534	     0	   1.15577
   535	     0	   1.10105
   536	     0	   1.15908
   537	     0	   1.16616
   538	     0	   1.15281
   539	     0	   1.14716
   540	     0	   1.16002
   541	     0	   1.12889
   542	     0	   1.15021
   543	     0	   1.15537
   544	     0	   1.16344
   545	     0	   1.15122
   546	     0	   1.12688
   547	     0	   1.13402
   548	     0	   1.15856
   549	     0	   1.16239
   550	     0	   1.16194
   551	     0	   1.15916
   552	     0	   1.15078
   553	     0	   1.18966
   554	     0	   1.12169
   555	     0	   1.13605
   556	     0	   1.14634
   557	     0	   1.14096
   558	     0	   1.14721
   559	     0	   1.13387
   560	     0	   1.16697
   561	     0	    1.1421
   562	     0	   1.11736
   563	     0	   1.17829
   564	     0	   1.15922
   565	     0	    1.1421
   566	     0	   1.11568
   567	     0	   1.15123
   568	     0	   1.13284
   569	     0	   1.16547
   570	     0	   1.15801
   571	     0	   1.14252
   572	     0	   1.15058
   573	     0	   1.14807
   574	     0	    1.1778
   575	     0	   1.13576
   576	     0	   1.13477
   577	     0	   1.17677
   578	     0	   1.13608
   579	     0	   1.11277
   580	     0	   1.14001
   581	     0	   1.13309
   582	     0	   1.14954
   583	     0	   1.14085
   584	     0	   1.14209
   585	     0	   1.16364
   586	     0	    1.1784
   587	     0	   1.14903
   588	     0	   1.14981
   589	     0	   1.16892
   590	     0	   1.12185
   591	     0	   1.13505
   592	     0	   1.15426
   593	     0	    1.1572
   594	     0	    1.1635
   595	     0	   1.17081
   596	     0	   1.15947
   597	     0	    1.1808
   598	     0	   1.16352
   599	     0	   1.14548
   600	     0	   1.16928
   601	     0	    1.1412
   602	     0	   1.13146
   603	     0	   1.13605
   604	     0	   1.15003
   605	     0	   1.15182
   606	     0	   1.12233
   607	     0	   1.15088
   608	     0	   1.13601
   609	     0	   1.15582
   610	     0	   1.14853
   611	     0	   1.13297
   612	     0	   1.14193
   613	     0	   1.16577
   614	     0	   1.14532
   615	     0	   1.16478
   616	     0	   1.10082
   617	     0	    1.1534
   618	     0	   1.12564
   619	     0	   1.17519
   620	     0	   1.15066
   621	     0	   1.14032
   622	     0	   1.15932
   623	     0	   1.13596
   624	     0	   1.14421
   625	     0	   1.14808
   626	     0	   1.15356
   627	     0	   1.15819
   628	     0	   1.13532
   629	     0	   1.13597
   630	     0	   1.15621
   631	     0	   1.16734
   632	     0	   1.13756
   633	     0	   1.19114
   634	     0	   1.16913
   635	     0	    1.1619
   636	     0	   1.14727
   637	     0	   1.17708
   638	     0	   1.15134
   639	     0	   1.15066
   640	     0	   1.15274
   641	     0	   1.16437
   642	     0	   1.16885
   643	     0	   1.14923
   644	     0	   1.15311
   645	     0	   1.15441
   646	     0	    1.1858
   647	     0	   1.17411
   648	     0	   1.16203
   649	     0	   1.13161
   650	     0	   1.19119
   651	     0	   1.13594
   652	     0	   1.15925
   653	     0	   1.14203
   654	     0	   1.16883
   655	     0	   1.14807
   656	     0	   1.14861
   657	     0	   1.15401
   658	     0	   1.13643
   659	     0	   1.18261
   660	     0	   1.14709
   661	     0	   1.17728
   662	     0	   1.14709
   663	     0	   1.17825
   664	     0	    1.1745
   665	     0	   1.13456
   666	     0	   1.13066
   667	     0	   1.14745
   668	     0	    1.1648
   669	     0	   1.16611
   670	     0	   1.17141
   671	     0	   1.17973
   672	     0	   1.18376
   673	     0	   1.14717
   674	     0	   1.16239
   675	     0	   1.15293
   676	     0	   1.15199
   677	     0	   1.08763
   678	     0	   1.15698
   679	     0	   1.16977
   680	     0	   1.17124
   681	     0	   1.15442
   682	     0	   1.17106
   683	     0	   1.16779
   684	     0	   1.19044
   685	     0	    1.1007
   686	     0	   1.12748
   687	     0	   1.15433
   688	     0	   1.16574
   689	     0	   1.13719
   690	     0	   1.13529
   691	     0	   1.15264
   692	     0	   1.15442
   693	     0	   1.14569
   694	     0	   1.14024
   695	     0	   1.12936
   696	     0	   1.15265
   697	     0	    1.1316
   698	     0	   1.15331
   699	     0	   1.17514
   700	     0	   1.12058
   701	     0	   1.16383
   702	     0	   1.14717
   703	     0	   1.16916
   704	     0	   1.13602
   705	     0	   1.15278
   706	     0	   1.15769
   707	     0	   1.13875
   708	     0	   1.15389
   709	     0	   1.14716
   710	     0	   1.15078
   711	     0	   1.14038
   712	     0	   1.11568
   713	     0	   1.14789
   714	     0	   1.12708
   715	     0	    1.1505
   716	     0	   1.17811
   717	     0	   1.13027
   718	     0	   1.18742
   719	     0	   1.14703
   720	     0	   1.14713
   721	     0	   1.13643
   722	     0	   1.15931
   723	     0	   1.13816
   724	     0	    1.1709
   725	     0	   1.15956
   726	     0	   1.16575
   727	     0	   1.13221
   728	     0	   1.13152
   729	     0	   1.13229
   730	     0	   1.15197
   731	     0	   1.15101
   732	     0	   1.15076
   733	     0	   1.15119
   734	     0	   1.15942
   735	     0	   1.13488
   736	     0	   1.15024
   737	     0	   1.16186
   738	     0	   1.14712
   739	     0	   1.16229
   740	     0	   1.11558
   741	     0	   1.14823
   742	     0	   1.14955
   743	     0	   1.18977
   744	     0	   1.13563
   745	     0	   1.15683
   746	     0	   1.14916
   747	     0	   1.12186
   748	     0	   1.16138
   749	     0	   1.14972
   750	     0	   1.13633
   751	     0	   1.15757
   752	     0	   1.16658
   753	     0	   1.15342
   754	     0	   1.13608
   755	     0	   1.13161
   756	     0	    1.1506
   757	     0	   1.18187
   758	     0	   1.19371
   759	     0	   1.12191
   760	     0	   1.15441
   761	     0	    1.1543
   762	     0	   1.17439
   763	     0	   1.14799
   764	     0	   1.17467
   765	     0	    1.1226
   766	     0	   1.14701
   767	     0	   1.13415
   768	     0	   1.14111
   769	     0	   1.15804
   770	     0	   1.12849
   771	     0	   1.15876
   772	     0	   1.14722
   773	     0	   1.16007
   774	     0	   1.15929
   775	     0	   1.09818
   776	     0	   1.16369
   777	     0	   1.14195
   778	     0	   1.13318
   779	     0	   1.16672
   780	     0	   1.19111
   781	     0	   1.13684
   782	     0	   1.14063
   783	     0	   1.16394
   784	     0	   1.17132
   785	     0	    1.1592
   786	     0	   1.12177
   787	     0	   1.12182
   788	     0	   1.15566
   789	     0	   1.14713
   790	     0	   1.18381
   791	     0	    1.1172
   792	     0	   1.10087
   793	     0	    1.1676
   794	     0	   1.17451
   795	     0	   1.13982
   796	     0	   1.16145
   797	     0	   1.15715
   798	     0	    1.1618
   799	     0	   1.15661
   800	     0	   1.14108
   801	     0	   1.16255
   802	     0	    1.1527
   803	     0	   1.15012
   804	     0	   1.19022
   805	     0	    1.1501
   806	     0	   1.13353
   807	     0	   1.17779
   808	     0	   1.10895
   809	     0	   1.13584
   810	     0	   1.12163
   811	     0	    1.1538
   812	     0	   1.16772
   813	     0	   1.13761
   814	     0	   1.17082
   815	     0	   1.13874
   816	     0	   1.14199
   817	     0	   1.12206
   818	     0	    1.1669
   819	     0	   1.15252
   820	     0	   1.18397
   821	     0	   1.12946
   822	     0	   1.15763
   823	     0	   1.18398
   824	     0	     1.159
   825	     0	    1.1359
   826	     0	   1.18325
   827	     0	   1.15491
   828	     0	   1.14732
   829	     0	   1.12183
   830	     0	   1.13166
   831	     0	    1.0902
   832	     0	   1.14735
   833	     0	   1.17237
   834	     0	   1.15749
   835	     0	   1.16376
   836	     0	   1.15518
   837	     0	    1.1433
   838	     0	   1.17172
   839	     0	   1.14872
   840	     0	   1.13179
   841	     0	   1.14099
   842	     0	   1.12566
   843	     0	   1.14823
   844	     0	   1.15195
   845	     0	   1.15483
   846	     0	   1.14793
   847	     0	   1.15012
   848	     0	   1.14989
   849	     0	   1.16812
   850	     0	   1.13156
   851	     0	   1.09969
   852	     0	    1.1295
   853	     0	   1.12967
   854	     0	    1.1484
   855	     0	   1.17741
   856	     0	    1.1733
   857	     0	   1.15879
   858	     0	   1.15611
   859	     0	   1.13166
   860	     0	   1.17493
   861	     0	   1.14808
   862	     0	   1.13672
   863	     0	   1.10096
   864	     0	   1.14627
   865	     0	   1.14997
   866	     0	   1.18539
   867	     0	   1.14222
   868	     0	    1.1601
   869	     0	    1.1741
   870	     0	    1.1396
   871	     0	   1.13615
   872	     0	   1.18543
   873	     0	   1.14983
   874	     0	   1.12849
   875	     0	   1.15883
   876	     0	   1.14616
   877	     0	   1.14695
   878	     0	   1.14225
   879	     0	   1.14175
   880	     0	   1.15173
   881	     0	   1.13627
   882	     0	   1.12187
   883	     0	   1.14641
   884	     0	   1.12578
   885	     0	   1.14719
   886	     0	   1.13927
   887	     0	   1.14606
   888	     0	   1.13008
   889	     0	   1.16559
   890	     0	   1.13615
   891	     0	   1.15005
   892	     0	   1.12422
   893	     0	   1.18243
   894	     0	   1.15265
   895	     0	   1.16671
   896	     0	   1.15133
   897	     0	   1.16184
   898	     0	   1.12192
   899	     0	   1.18517
   900	     0	   1.12919
   901	     0	   1.14539
   902	     0	   1.19116
   903	     0	   1.12193
   904	     0	   1.10089
   905	     0	   1.17454
   906	     0	   1.15836
   907	     0	   1.13236
   908	     0	   1.15665
   909	     0	   1.18111
   910	     0	   1.19239
   911	     0	   1.13337
   912	     0	   1.15994
   913	     0	   1.12181
   914	     0	   1.17538
   915	     0	   1.14452
   916	     0	   1.16707
   917	     0	   1.12198
   918	     0	   1.14727
   919	     0	   1.15229
   920	     0	   1.11613
   921	     0	   1.15932
   922	     0	   1.15876
   923	     0	   1.17438
   924	     0	   1.13574
   925	     0	   1.15916
   926	     0	   1.17475
   927	     0	   1.14508
   928	     0	   1.16746
   929	     0	   1.15355
   930	     0	   1.16211
   931	     0	   1.15924
   932	     0	   1.15002
   933	     0	   1.14731
   934	     0	   1.18063
   935	     0	   1.16193
   936	     0	     1.148
   937	     0	   1.14728
   938	     0	   1.13797
   939	     0	   1.14625
   940	     0	   1.10083
   941	     0	   1.13498
   942	     0	   1.17322
   943	     0	   1.12461
   944	     0	   1.13588
   945	     0	    1.1358
   946	     0	   1.13588
   947	     0	   1.13615
   948	     0	   1.15891
   949	     0	   1.16578
   950	     0	   1.14738
   951	     0	   1.17453
   952	     0	   1.17367
   953	     0	    1.1637
   954	     0	   1.13769
   955	     0	   1.17028
   956	     0	   1.13047
   957	     0	   1.17438
   958	     0	   1.19027
   959	     0	   1.15258
   960	     0	   1.14708
   961	     0	   1.17448
   962	     0	   1.17234
   963	     0	   1.16529
   964	     0	   1.16334
   965	     0	   1.14906
   966	     0	   1.15914
   967	     0	   1.16641
   968	     0	   1.16689
   969	     0	   1.21105
   970	     0	   1.12511
   971	     0	   1.14007
   972	     0	   1.09802
   973	     0	   1.12687
   974	     0	   1.17654
   975	     0	   1.15895
   976	     0	   1.18558
   977	     0	   1.13511
   978	     0	   1.15881
   979	     0	   1.15263
   980	     0	   1.17933
   981	     0	   1.15133
   982	     0	   1.15075
   983	     0	   1.16113
   984	     0	   1.16788
   985	     0	   1.13603
   986	     0	   1.15992
   987	     0	   1.13669
   988	     0	   1.15903
   989	     0	    1.1874
   990	     0	   1.14807
   991	     0	   1.11785
   992	     0	   1.16531
   993	     0	   1.14304
   994	     0	   1.12196
   995	     0	    1.1746
   996	     0	   1.14376
   997	     0	   1.13679
   998	     0	   1.15383
   999	     0	   1.18427
