0.00205649	0.00217333	0.00230349	0.00241028	0.00247683	0.00252547	0.00257946	0.00268736	0.00284658	0.00308645	0.00343083	0.00390693	0.00446708	0.00514063	0.00593971	0.00680921	0.00757676	0.00804566	 0.0081856	0.00829247	 0.0080112	0.00736776	0.00660144	 0.0059332	0.00535261	 0.0047766	0.00419433	0.00376987	 0.0034747	  0.003291	0.00318108	0.00312236	0.00314833	0.00332373	0.00313708	0.00148367	0.00211164	0.00277262	0.00284979	0.00298325	0.00306893	0.00307221	0.00302863	0.00295325	0.00285528	0.00277137	
0.00196927	 0.0020907	0.00222355	0.00232821	0.00238161	0.00242277	0.00246763	0.00256494	0.00270709	0.00293156	0.00325789	0.00372288	0.00427206	0.00493064	0.00571548	0.00657404	0.00732797	0.00781631	0.00797387	0.00810349	0.00785515	0.00724816	0.00651504	0.00583829	0.00522791	0.00463271	0.00403797	0.00359956	0.00328461	0.00307639	0.00294002	0.00285492	0.00285269	0.00298784	0.00280283	0.00142002	0.00204206	0.00220818	 0.0021944	0.00222862	0.00223869	0.00218974	  0.002099	0.00192281	0.00163357	0.00141103	
0.00215901	 0.0022762	0.00240698	0.00252498	0.00261521	0.00267891	0.00274989	0.00287996	0.00306571	0.00333789	0.00370677	0.00419645	0.00477781	0.00548855	0.00630155	0.00716849	0.00792769	0.00835457	0.00846848	   0.00852	0.00819901	0.00748899	  0.006703	0.00602368	0.00546658	 0.0048917	0.00432254	0.00391652	0.00364153	0.00347416	0.00338131	0.00333883	0.00338302	 0.0035925	0.00340938	0.00153848	0.00217784	  0.003357	0.00357706	0.00385239	0.00403821	0.00410577	 0.0041894	0.00424924	0.00426538	0.00431621	
0.00315095	0.00319386	0.00320458	0.00321835	0.00325067	0.00330766	0.00339077	0.00350928	0.00365598	0.00384294	0.00406504	0.00431397	0.00457904	 0.0048498	0.00510658	0.00534948	0.00557299	0.00579609	0.00599734	 0.0061653	0.00626715	0.00632659	0.00633416	0.00631027	0.00624645	0.00610161	0.00590045	0.00565298	0.00543104	0.00523318	0.00504381	0.00485049	0.00467457	0.00453621	0.00441319	 0.0043107	0.00421592	0.00414644	0.00409015	0.00402749	0.00397186	0.00392799	0.00388541	0.00384123	0.00379775	0.00375449	
0.00310827	0.00315142	0.00316198	0.00317505	0.00320845	0.00326738	0.00335113	0.00346765	0.00361211	0.00379639	0.00401545	0.00426107	0.00452273	0.00478998	0.00504342	0.00528325	0.00550398	0.00572425	0.00592267	0.00608813	 0.0061883	0.00624648	0.00625329	0.00622899	0.00616525	0.00602137	0.00582186	0.00557653	0.00535608	0.00515923	0.00497063	0.00477795	0.00460282	0.00446406	0.00433966	0.00423668	0.00414218	0.00407405	0.00402124	0.00396161	0.00390789	0.00384965	 0.0037904	0.00372732	0.00366881	0.00361124	
0.00320856	0.00325148	0.00326255	 0.0032769	0.00331132	0.00336857	0.00345337	0.00357423	0.00372366	0.00391399	0.00414107	0.00439399	0.00466195	0.00493637	0.00519687	0.00544983	0.00568299	0.00591498	0.00612417	0.00629883	0.00640453	0.00646539	0.00647233	0.00644763	0.00638119	0.00623143	0.00602484	0.00577176	0.00554568	 0.0053446	0.00515247	 0.0049572	0.00477847	0.00463918	0.00451478	 0.0044135	0.00431911	0.00424879	0.00418945	0.00412637	 0.0040699	0.00402481	0.00398922	0.00395868	0.00392597	0.00389569	
 0.0193642	   0.02057	 0.0218331	 0.0227421	 0.0231752	 0.0231331	 0.0228875	 0.0226407	 0.0225845	 0.0228496	 0.0235536	 0.0248516	 0.0265734	 0.0287285	 0.0314098	 0.0343865	 0.0368833	 0.0379033	 0.0374854	 0.0370528	 0.0352431	   0.03208	 0.0284743	 0.0254574	 0.0229623	 0.0206956	 0.0185449	 0.0172094	   0.01641	 0.0160724	 0.0160769	 0.0164211	 0.0172669	 0.0188998	 0.0184376	0.00898502	 0.0131389	 0.0176812	 0.0184641	 0.0195503	 0.0203282	 0.0205547	 0.0204368	 0.0200834	 0.0195383	 0.0190433	
 0.0181228	 0.0193981	 0.0207497	 0.0215382	 0.0218308	 0.0216693	 0.0213406	 0.0210417	 0.0209533	 0.0211964	 0.0218811	 0.0231535	 0.0248439	  0.026953	 0.0295735	 0.0324877	 0.0349409	 0.0361352	 0.0358284	 0.0354837	 0.0336081	 0.0304517	 0.0268952	 0.0238989	 0.0213921	 0.0191065	 0.0169451	 0.0155395	 0.0146282	 0.0141353	 0.0139475	  0.014059	 0.0146057	 0.0158261	 0.0153108	0.00797088	 0.0117913	  0.013889	  0.014022	  0.014359	 0.0146962	 0.0145246	 0.0140204	 0.0128933	 0.0109337	 0.0095079	
 0.0213718	  0.022755	 0.0242916	 0.0252564	 0.0256662	 0.0255904	 0.0251391	 0.0249268	 0.0249817	  0.025239	 0.0259361	 0.0272447	 0.0289948	  0.031238	  0.034107	 0.0372541	  0.040011	 0.0411172	 0.0406714	 0.0402387	 0.0380713	  0.034553	 0.0307314	 0.0274896	 0.0247815	 0.0225442	 0.0203999	 0.0191124	 0.0184294	 0.0181992	 0.0182926	 0.0188189	 0.0200184	 0.0221055	 0.0215865	 0.0100376	 0.0145404	  0.021795	 0.0232773	 0.0252072	 0.0267721	 0.0277064	 0.0283308	 0.0289118	 0.0293825	 0.0299218	
         	         	         	         	         	         	         	         	         	         	         	         	         	         	         	         	         	         	         	         	         	         	         	         	         	         	         	         	         	         	         	         	         	         	         	         	         	         	         	         	         	         	         	         	         	         	
         	         	         	         	         	         	         	         	         	         	         	         	         	         	         	         	         	         	         	         	         	         	         	         	         	         	         	         	         	         	         	         	         	         	         	         	         	         	         	         	         	         	         	         	         	         	
         	         	         	         	         	         	         	         	         	         	         	         	         	         	         	         	         	         	         	         	         	         	         	         	         	         	         	         	         	         	         	         	         	         	         	         	         	         	         	         	         	         	         	         	         	         	
0.000932729	0.00287524	0.00900465	 0.0227351	 0.0468569	 0.0834108	  0.132093	   0.19199	  0.259229	  0.329793	  0.399919	  0.466391	  0.521195	  0.569549	  0.610805	  0.639839	  0.651967	  0.658488	  0.665022	  0.667236	  0.661711	  0.652493	  0.653157	  0.652567	  0.649546	  0.640611	  0.633473	  0.619915	  0.610827	  0.603382	  0.598557	  0.594122	  0.591297	  0.594709	   0.60501	  0.570188	  0.553835	  0.552984	   0.55773	  0.560427	  0.547794	  0.529059	   0.51126	  0.494875	  0.479833	  0.470762	
0.00091813	0.00281387	0.00876455	 0.0220462	 0.0453284	 0.0808155	   0.12839	  0.187366	   0.25394	  0.323898	  0.393697	  0.459552	  0.514319	  0.562593	  0.603347	  0.631965	  0.643815	  0.650422	  0.657263	   0.65923	  0.653486	  0.644005	  0.644728	  0.644033	  0.640935	  0.631925	  0.624486	  0.610307	  0.600682	   0.59322	  0.588086	  0.582807	  0.579532	   0.58262	  0.593508	  0.560718	  0.544845	   0.54057	  0.538025	  0.537034	  0.521369	  0.488388	  0.454657	  0.426829	  0.399834	  0.389138	
0.000950312	0.00295157	0.00926924	 0.0234413	 0.0484344	 0.0861793	  0.136221	  0.197531	  0.265779	  0.336937	  0.407471	  0.474246	  0.529402	  0.577804	  0.618952	  0.648324	  0.660801	   0.66771	  0.674641	  0.677025	  0.671637	  0.662472	  0.663163	  0.662582	  0.659486	  0.650813	  0.643723	   0.63015	    0.6208	  0.614024	  0.609099	  0.604974	  0.602316	  0.605846	   0.61562	  0.579713	  0.562604	  0.565127	  0.577056	  0.583298	  0.573506	   0.56338	  0.555966	   0.55131	  0.545101	  0.538847	
0.00106043	0.00258228	0.00723091	 0.0179887	 0.0382317	 0.0713414	  0.119324	  0.182317	   0.25745	  0.339776	  0.423736	  0.504235	   0.57216	  0.631513	  0.681717	  0.718794	  0.739987	  0.754075	  0.765832	  0.772465	  0.771535	  0.765809	  0.765698	  0.763674	  0.758561	  0.747395	  0.736277	  0.718579	  0.707024	  0.697619	  0.689216	  0.681538	  0.676184	  0.676478	  0.683067	    0.6563	  0.642106	  0.641629	  0.644741	  0.645986	  0.638056	  0.625193	  0.612055	  0.599037	  0.586445	   0.57855	
0.00104161	0.00253093	0.00705044	 0.0174582	 0.0370024	 0.0691335	  0.115974	  0.177892	   0.25196	  0.333573	  0.417407	   0.49836	   0.56677	  0.626631	  0.677022	  0.713719	  0.734783	  0.749064	  0.760616	  0.767016	  0.765863	  0.759855	  0.759585	  0.757247	  0.751851	  0.740375	  0.728939	  0.711006	   0.69881	   0.68822	  0.678635	  0.669965	  0.664153	  0.664555	  0.671976	  0.647306	  0.633708	  0.630915	  0.628243	  0.625956	  0.615695	  0.591452	  0.563862	  0.536719	  0.508143	  0.495674	
 0.0010855	0.00265582	0.00743719	 0.0185543	  0.039507	 0.0737051	  0.123148	  0.187634	   0.26409	   0.34739	  0.431353	  0.511521	  0.579306	  0.638445	  0.688375	  0.725054	  0.746085	  0.760183	  0.771962	  0.778808	  0.777906	  0.772249	  0.772249	  0.770726	  0.765757	    0.7547	  0.743806	  0.726482	  0.715655	  0.707667	  0.699936	  0.692478	  0.686919	  0.687489	  0.693937	  0.666326	  0.650563	  0.652137	  0.660678	  0.665193	  0.660161	  0.653142	  0.648347	  0.644276	  0.639809	  0.636222	
  0.088008	 0.0890562	 0.0915731	 0.0930582	 0.0925851	 0.0906395	  0.087996	 0.0857303	  0.084473	 0.0846802	 0.0868241	 0.0912728	 0.0968886	  0.104358	  0.113571	  0.122455	   0.12732	  0.129629	  0.130834	  0.129895	   0.12493	  0.116945	  0.116021	  0.113629	  0.108584	  0.100864	  0.101003	 0.0973827	 0.0957316	 0.0940683	  0.091589	 0.0905273	 0.0940742	 0.0999161	   0.10796	 0.0989427	 0.0946294	 0.0950576	  0.069461	 0.0594941	 0.0600706	 0.0607859	 0.0603292	 0.0591591	 0.0575651	 0.0559431	
 0.0842208	 0.0848861	 0.0876419	 0.0890492	 0.0885613	 0.0860212	 0.0830718	 0.0807563	 0.0796454	 0.0801332	 0.0826312	 0.0874099	 0.0931293	  0.100601	   0.10964	  0.118065	  0.122904	  0.125195	  0.126194	  0.125068	  0.120299	   0.11237	  0.111183	  0.108485	  0.103278	 0.0956708	 0.0956262	 0.0918936	  0.089679	 0.0872418	 0.0841361	  0.082444	 0.0850383	 0.0898348	 0.0969569	 0.0901531	 0.0868699	 0.0868429	 0.0624051	 0.0522291	 0.0513991	 0.0512661	 0.0507707	 0.0486363	 0.0444306	 0.0411516	
 0.0932366	 0.0938791	 0.0961335	 0.0982387	 0.0978756	 0.0963533	 0.0942615	  0.092335	 0.0910431	  0.091071	 0.0930086	 0.0972771	  0.102784	  0.110335	  0.119834	  0.128844	  0.133561	  0.135571	  0.136504	  0.135571	  0.130434	  0.122175	  0.121196	  0.119118	  0.114233	  0.106512	  0.107399	  0.103731	  0.101987	   0.10043	 0.0985261	  0.097432	  0.101254	  0.107782	  0.116804	  0.107095	   0.10242	   0.10331	 0.0768154	 0.0671985	 0.0696576	 0.0713197	 0.0711885	 0.0706431	 0.0699235	 0.0693453	
  0.298069	  0.255965	  0.236377	  0.226526	   0.22103	  0.217341	  0.215284	  0.214625	  0.214344	  0.214383	  0.214171	   0.21321	  0.210859	  0.207369	  0.202711	  0.197355	  0.191815	  0.185122	  0.177787	  0.170485	  0.163806	  0.157371	  0.150742	   0.14432	  0.138613	  0.134412	  0.130547	  0.129054	  0.127238	  0.125671	   0.12398	  0.121799	  0.119268	  0.116084	   0.11259	  0.114571	  0.114646	  0.113181	  0.112251	  0.112053	  0.112694	  0.113963	  0.115047	  0.115993	  0.116494	  0.115463	
  0.297371	   0.25416	  0.234017	  0.223843	  0.218123	  0.214235	  0.211988	  0.211122	  0.210631	  0.210467	  0.210077	  0.208983	   0.20658	  0.203096	    0.1985	  0.193072	  0.187624	  0.181081	   0.17391	  0.166815	  0.160395	  0.154194	  0.147763	  0.141519	  0.135952	  0.131931	   0.12836	  0.127063	  0.125312	  0.123787	  0.122141	   0.12001	  0.117519	  0.114384	  0.111032	  0.113277	  0.113406	  0.111632	  0.110067	  0.109549	  0.109879	   0.11049	  0.110623	   0.11075	  0.110389	  0.109275	
  0.298939	  0.258091	  0.239142	  0.229591	  0.224426	  0.220863	  0.218793	  0.218229	  0.218045	  0.218114	  0.218021	  0.217143	  0.214776	  0.211203	  0.206337	  0.200686	  0.194859	  0.187985	  0.180417	  0.173126	  0.166381	  0.159839	  0.153027	  0.146423	  0.140554	  0.136173	  0.132141	  0.130561	   0.12877	   0.12723	  0.125561	  0.123373	  0.120767	  0.117543	  0.114059	  0.116116	  0.116231	  0.115092	  0.114708	  0.114835	  0.115638	  0.117919	  0.120468	  0.122763	  0.124069	  0.122584	
   34383.3	   34934.2	   37286.7	   41490.1	   46924.1	   51708.4	   56610.7	     62314	   68598.8	   75576.9	   83320.9	   91990.9	    102896	    113153	    123917	    138667	    160295	    178848	    189413	    199894	    209928	    214055	    211985	    205421	    196642	    192067	    182629	    171725	    164150	    156836	    149722	    143298	    138038	    132254	    122348	    104674	    115094	    122321	    113979	    109819	    121322	    128325	    132913	    135722	    137271	    133670	
   32709.8	   33118.9	   35429.1	   39576.7	   44948.7	   49937.8	   55086.8	   61001.5	   67452.4	   74199.6	   81623.2	   89853.8	    100269	    109901	    119928	    133934	    155151	    173617	    184144	    194770	    205253	    210009	    208512	    202415	    193883	    189310	    179964	    169103	    161492	    154081	    146791	    140132	    134712	    128552	    118032	    101192	    111864	    116965	    108286	    102469	    106144	    106648	    107150	    107715	    108276	    109539	
     36187	   36941.6	   39384.7	   43683.5	   49220.7	   53787.7	   58419.9	   63918.2	     70436	     77719	   85963.1	   95534.6	    107222	    118373	    130227	    146016	    168241	    187012	    197673	    207962	    217305	    220464	    217477	    210169	    200863	    195822	    186185	    175368	    167892	    160670	    153686	    147386	    142381	    137117	    127901	    109227	    119364	    128616	    120693	    118788	    140912	    156242	    164422	    167641	    167264	    157947	
   15403.2	   15996.3	   17193.7	   19145.1	   21690.3	   24074.8	   26832.2	   29899.1	   33492.2	   37796.5	   42953.1	   49166.4	   57242.6	   65911.8	   75816.8	   88675.9	    105808	    121784	    133503	    144682	    154639	    160180	    161802	    159188	    153444	    149365	    140742	    130158	    123331	    117162	    111053	    105445	    100534	   95585.9	   88863.5	   78051.5	   83786.1	   88478.5	   83633.8	   81359.4	   87733.8	   92000.7	   95149.3	   97381.4	   98961.3	   97139.4	
   14753.1	   15292.6	   16453.8	   18348.8	   20840.4	   23213.5	   26009.3	   29080.9	   32410.5	     36479	   41396.8	     47275	     54938	   63081.9	     72329	   84582.9	    101219	    117004	    128691	    139939	    150036	    155888	    158009	    155912	    150640	    146908	    138681	    128388	    121625	    115437	    109334	    103804	     98819	   93729.6	   86719.9	   75915.9	   81911.4	   85372.1	   80046.9	     76375	   78476.1	   78982.5	   79419.1	   80026.5	   81003.9	   82036.6	
   16287.8	   16994.6	   18241.3	     20246	   22858.1	   25174.5	   27832.5	   30817.6	   34452.2	   38888.5	   44455.7	   51258.7	   59993.6	   69524.1	   80544.8	   94373.3	    111882	    127812	    139532	    150389	    159933	    164851	    165863	    162698	    156525	    151898	    142956	    132156	    125272	    119090	    112987	    107563	    102851	     98134	   92090.1	   81055.4	   86215.5	   92205.4	   87982.5	   87523.5	   99330.5	    108889	    114644	    117660	    118481	    112876	
         	         	         	         	         	         	         	         	         	         	         	         	         	         	         	         	         	         	         	         	         	         	         	         	         	         	         	         	         	         	         	         	         	         	         	         	         	         	         	         	         	         	         	         	         	         	
         	         	         	         	         	         	         	         	         	         	         	         	         	         	         	         	         	         	         	         	         	         	         	         	         	         	         	         	         	         	         	         	         	         	         	         	         	         	         	         	         	         	         	         	         	         	
         	         	         	         	         	         	         	         	         	         	         	         	         	         	         	         	         	         	         	         	         	         	         	         	         	         	         	         	         	         	         	         	         	         	         	         	         	         	         	         	         	         	         	         	         	         	
 0.0284793	 0.0416206	 0.0442219	 0.0461754	 0.0491325	 0.0539904	  0.060462	 0.0686854	 0.0785139	 0.0895047	  0.101142	  0.112952	  0.123647	  0.134598	  0.144947	  0.152746	  0.156758	  0.160412	  0.163494	  0.165748	   0.16379	  0.159938	  0.156388	  0.153526	  0.149846	  0.143701	  0.137432	  0.130914	  0.126446	  0.123383	  0.120791	  0.118078	  0.115123	  0.114521	  0.117656	  0.118832	  0.106371	  0.104909	  0.110402	  0.111987	  0.108359	   0.10685	  0.105146	  0.103469	   0.10177	   0.10125	
 0.0259871	 0.0380121	 0.0404562	 0.0422721	 0.0450281	 0.0495156	 0.0554504	  0.063028	 0.0720908	 0.0822491	 0.0930269	  0.103984	  0.113906	   0.12406	  0.133657	  0.140904	  0.144637	  0.148256	  0.151128	  0.153289	  0.151527	  0.147998	  0.144676	  0.142005	  0.138661	    0.1331	  0.127482	  0.121701	  0.117872	  0.115045	  0.112704	  0.110486	  0.107656	  0.107395	  0.110062	  0.110212	 0.0982815	 0.0968233	  0.101293	  0.102413	 0.0983638	 0.0961617	 0.0936878	 0.0905066	 0.0860325	 0.0840602	
 0.0296487	 0.0432405	 0.0459449	 0.0479319	 0.0509269	 0.0559342	 0.0625917	 0.0711097	 0.0812331	 0.0925304	  0.104628	  0.116847	   0.12784	  0.139069	  0.149714	  0.157732	  0.161993	  0.165535	  0.168702	  0.170997	  0.168974	  0.165031	  0.161422	  0.158489	  0.154658	  0.148394	  0.142214	  0.135403	  0.130656	  0.127387	  0.124693	  0.121997	  0.119328	  0.119321	  0.123286	  0.124929	  0.112451	  0.111381	  0.117201	  0.119271	  0.116388	   0.11599	  0.115435	  0.115368	  0.115029	  0.114814	
 0.0282376	 0.0411842	 0.0435485	 0.0449662	 0.0469912	 0.0505585	 0.0555263	 0.0624228	 0.0711785	 0.0815289	 0.0930173	  0.105133	   0.11665	  0.128613	  0.140143	  0.149678	  0.156341	  0.162364	   0.16735	  0.171465	  0.171024	  0.168146	  0.164383	  0.161218	   0.15699	  0.149914	  0.141957	  0.133575	  0.127909	  0.123934	  0.120075	  0.116107	  0.112171	  0.110831	  0.112926	  0.114222	  0.104128	  0.103075	  0.109899	  0.113024	  0.111359	  0.110933	  0.110203	  0.109385	  0.108428	  0.108631	
 0.0257593	 0.0375516	 0.0397145	 0.0409882	 0.0428133	 0.0461102	 0.0507779	 0.0572809	 0.0655247	 0.0751152	 0.0857589	 0.0969168	  0.107519	  0.118482	  0.129042	  0.137862	  0.144121	  0.149867	  0.154526	  0.158404	  0.158038	  0.155399	  0.151887	  0.148949	  0.145069	  0.138688	  0.131494	  0.123925	  0.119081	  0.115755	  0.112062	  0.108589	  0.104992	  0.104188	  0.105962	  0.105984	 0.0964947	 0.0955724	  0.101482	  0.104086	  0.101764	  0.100839	 0.0989421	 0.0957909	 0.0922632	 0.0903697	
 0.0293912	 0.0427796	 0.0452355	 0.0466507	 0.0487776	 0.0524652	  0.057547	 0.0646092	 0.0736139	 0.0843082	 0.0962365	  0.108866	  0.120836	  0.133264	  0.145118	  0.154954	  0.161922	  0.167817	   0.17298	   0.17714	  0.176574	  0.173418	  0.169526	  0.166308	  0.161994	  0.154693	   0.14642	  0.137973	  0.132396	  0.128239	  0.124159	  0.120004	  0.116129	  0.115269	  0.117957	   0.11938	  0.109374	  0.108709	  0.115833	  0.119234	  0.118224	  0.118646	  0.119053	   0.11963	  0.120178	  0.121026	
