   386.426	    383.88	   389.489	   405.405	    422.69	   435.318	   448.829	   463.942	   478.867	   496.758	   521.596	    557.46	    611.44	   678.023	   757.842	   846.117	    929.38	   964.455	   952.814	   934.757	    896.48	   830.788	   760.236	   697.951	   644.572	   601.228	   556.849	   532.631	    516.95	   507.418	   503.165	   500.912	   505.806	   528.912	   575.111	   568.999	   568.944	   594.084	   625.107	   662.884	    697.67	   709.295	   704.088	   687.734	   667.156	    648.57	
   655.445	   590.225	   555.318	     549.1	   554.783	   567.333	   592.814	   657.777	   756.744	   895.554	   1076.02	   1299.32	   1536.53	   1787.46	   2056.12	   2344.95	   2625.25	   2803.54	   2844.94	   2842.98	   2726.69	   2489.21	   2219.36	   1952.99	   1713.47	   1516.13	   1326.48	   1180.37	   1085.14	   1024.11	   982.707	   955.902	   948.577	   965.373	   1012.57	   961.149	   926.069	   928.076	   937.923	   971.951	   1035.32	   1082.42	   1111.99	   1129.35	   1128.87	   1101.86	
   607.666	   649.307	   673.251	   704.962	   742.113	   786.583	   847.983	   960.303	   1123.59	   1353.96	   1673.62	   2110.74	   2644.57	   3287.62	   4051.27	    4915.6	   5786.09	   6448.17	   6765.87	    6961.3	   6852.12	   6424.49	   5915.81	   5391.51	   4870.63	   4378.16	   3830.42	   3323.85	   2972.19	   2709.17	   2489.81	   2290.85	   2136.66	   2061.85	   2063.15	   1808.09	   1689.34	   1689.35	    1676.7	   1684.67	   1721.28	    1705.6	   1660.51	    1614.2	   1571.85	   1538.46	
   518.571	   623.397	   699.172	   778.533	    868.49	   975.629	   1115.58	   1319.54	    1587.2	   1928.65	   2358.98	   2902.11	   3551.36	   4306.55	   5206.64	   6271.86	   7427.35	    8431.3	   9139.45	    9774.7	   9957.41	   9599.36	   8952.18	   8200.76	   7428.85	   6714.77	   5938.54	   5253.31	   4836.16	   4546.78	   4295.36	    4046.1	   3812.97	   3676.08	   3633.94	   3105.74	   2825.28	      2751	   2663.63	      2622	   2640.58	   2594.62	   2515.12	   2406.88	   2285.85	   2164.33	
   549.731	   644.049	   721.545	   808.153	   909.881	   1037.18	   1210.31	   1464.74	   1803.55	   2237.86	   2778.96	   3438.96	   4204.07	   5060.11	   6030.73	   7115.83	      8220	   9098.52	   9625.32	   10096.4	   10170.9	   9810.18	   9236.68	   8613.78	   7957.48	   7287.01	   6480.93	   5707.19	   5202.04	   4837.92	   4566.51	   4361.13	    4237.2	   4259.27	   4409.87	   3929.18	   3722.95	   3731.59	   3673.09	    3630.8	   3643.21	   3529.01	    3361.3	   3174.06	   2986.84	   2811.28	
   617.348	   670.206	   725.343	   802.913	   901.647	   1024.69	    1189.7	   1425.72	   1738.76	   2142.02	   2652.33	   3286.26	   4031.87	   4879.87	   5850.68	   6931.74	   8010.68	   8862.03	   9365.18	   9785.45	   9780.29	    9332.4	   8647.82	   7931.48	   7223.86	   6560.01	   5830.15	   5193.61	   4805.35	   4523.52	   4298.08	   4117.04	   3990.63	   3997.89	   4149.27	   3754.71	   3639.59	   3786.11	   3910.21	   4058.17	    4255.5	    4288.6	   4198.35	   4029.66	    3817.8	   3589.55	
   693.959	    756.77	    799.47	    843.45	    889.66	   948.194	   1040.56	   1197.82	   1425.87	   1735.56	   2135.33	    2635.8	   3218.06	   3872.32	   4614.99	   5447.04	   6296.56	   7022.62	   7507.79	   7945.42	   8045.73	   7775.74	   7273.74	   6733.39	   6179.34	   5634.93	   5017.18	   4463.91	   4104.15	   3831.19	   3625.91	   3484.42	   3421.54	   3491.97	   3700.93	    3462.7	   3408.38	   3542.17	   3655.03	   3800.46	   4029.35	   4146.05	      4199	   4206.47	   4167.92	   4077.73	
   592.925	    710.18	   789.157	   861.087	   925.204	   981.117	   1039.25	   1117.36	   1222.47	   1367.72	   1571.88	   1854.62	   2220.73	   2665.65	   3198.61	   3806.74	   4432.16	   4974.25	   5348.09	   5695.05	   5825.51	   5715.76	   5444.11	   5142.69	   4822.85	   4494.34	   4088.05	   3713.62	   3473.96	   3286.77	   3139.65	   3033.38	   2980.19	   3026.44	   3187.73	   3006.44	   2980.87	   3129.04	    3289.9	    3496.6	   3773.91	   3932.65	   4003.09	   4012.86	   3984.17	   3936.84	
   527.548	   686.163	   780.388	   844.237	   885.475	   913.541	   945.845	   995.262	    1071.2	   1175.97	   1310.18	   1475.24	   1671.37	    1886.7	   2138.23	   2440.46	   2781.15	   3116.53	   3390.41	   3679.98	   3846.89	   3853.43	   3735.35	   3586.05	   3418.72	   3246.34	   3020.88	   2816.39	   2699.13	   2615.33	   2557.36	   2524.51	    2532.1	   2618.28	   2798.43	    2684.9	    2665.7	   2773.75	   2887.87	   3040.15	   3262.96	   3409.41	   3514.44	   3595.49	   3653.32	   3681.19	
   369.123	   557.375	   675.003	   764.123	   830.537	   872.698	   899.149	   917.356	   938.423	   971.104	   1025.61	   1110.49	    1234.1	   1388.64	   1575.95	   1785.77	   1989.76	   2140.32	   2218.75	   2301.45	   2339.67	    2324.5	   2275.08	   2233.11	    2191.5	   2144.49	   2056.35	   1972.56	   1929.84	   1903.45	   1894.89	   1907.12	   1954.81	   2064.63	   2252.58	   2218.19	   2228.82	   2335.47	    2453.2	   2601.11	   2797.63	   2920.69	   2992.39	   3029.48	   3045.13	   3050.97	
   353.613	   552.847	    655.09	   706.127	   724.049	   726.882	   733.304	   749.954	   780.035	   821.312	   871.172	    929.52	   997.649	   1069.71	   1155.16	   1258.77	   1373.61	    1473.8	   1542.84	   1618.41	   1648.24	   1617.16	   1536.42	   1455.14	   1382.57	    1328.4	   1274.98	   1245.54	    1249.1	   1269.39	   1300.55	   1342.61	   1403.21	    1501.2	   1652.74	   1652.21	   1666.17	   1754.47	   1864.46	   2003.46	   2180.52	   2300.87	   2380.12	   2430.67	   2458.82	   2469.87	
   209.006	   423.378	   548.948	   628.531	   675.455	   692.279	   687.248	   671.803	   655.035	   643.308	   647.035	    673.19	   726.125	   796.708	   883.241	   977.638	   1064.76	   1110.53	   1116.96	   1123.18	   1113.05	   1081.45	   1034.88	   999.785	   970.664	   943.352	   902.597	    868.78	   845.423	   832.197	   833.265	   852.844	   897.565	   975.518	   1095.34	   1120.17	   1132.58	   1188.51	   1266.25	   1363.04	   1485.86	   1577.86	   1648.05	   1702.19	   1743.32	   1772.83	
   68.8751	   160.135	   254.757	   339.683	   408.913	   458.581	    491.93	   504.389	   515.165	   527.166	   539.135	   550.419	   569.206	   588.121	   612.023	   648.386	   696.128	   734.019	   759.966	   786.077	   794.489	    772.49	    725.13	   677.651	   635.618	   603.715	   575.029	   560.185	   559.129	   566.391	       577	   589.432	   606.618	   634.707	   682.913	   676.382	   660.086	   681.175	   730.122	   795.966	   876.894	   940.147	   986.929	   1021.68	   1047.31	   1067.75	
   8.53066	   22.6451	   40.6682	   63.6488	   91.8098	   125.089	   163.836	   209.112	   247.675	   281.041	     311.2	   340.324	   365.897	    395.46	   430.051	   465.974	    494.57	   504.233	   495.733	   483.697	   471.357	    454.53	   436.134	   422.828	   411.713	    400.42	   382.945	   360.614	   343.408	   332.008	   327.239	   330.178	   343.709	   369.357	    408.67	   408.821	   386.216	   378.884	   386.523	   400.201	   422.973	   443.753	    464.48	   485.344	   505.188	   522.474	
  0.408027	   1.40237	   2.95819	   5.23586	   8.51892	    12.823	   18.7531	   30.8348	   45.5169	   63.0682	   84.3345	   110.373	   137.581	   163.239	   188.541	    214.51	   239.472	   255.991	    266.99	   275.369	    278.12	   268.051	   249.726	   230.713	   214.151	    202.55	   193.911	    182.05	   175.452	    172.12	   170.001	   168.483	   168.525	   171.643	   180.117	    171.41	   153.667	    148.54	   155.669	   165.748	   176.843	   182.713	   183.703	   181.702	   178.993	   177.993	
0.00360973	 0.0697787	  0.178039	  0.348187	  0.578744	  0.869946	   1.25022	   1.89125	   3.04719	   4.92076	   7.56744	   11.4128	   16.6699	   23.2191	   31.3473	   41.5427	    53.873	   66.8313	   75.7625	   82.2573	   88.0118	   91.2349	   91.1797	   90.2548	   89.2901	   87.9143	   84.9036	   82.7843	   79.9933	   77.4303	     75.74	   75.3582	   76.7811	   80.1404	     85.74	   80.3069	   66.9088	   59.3964	   58.0035	   57.5922	   58.3289	   58.7667	   59.3128	   59.9341	   60.2378	   59.8824	
         	         	         	         	         	         	         	         	         	         	         	         	         	         	         	         	         	         	         	         	         	         	         	         	         	         	         	         	         	         	         	         	         	         	         	         	         	         	         	         	         	         	         	         	         	         	
         	         	         	         	         	         	         	         	         	         	         	         	         	         	         	         	         	         	         	         	         	         	         	         	         	         	         	         	         	         	         	         	         	         	         	         	         	         	         	         	         	         	         	         	         	         	
   220.714	   238.829	   258.276	    282.48	   308.572	   334.444	   367.556	   406.466	   454.195	   513.834	   587.658	   675.874	   780.863	   896.893	   1023.85	   1154.84	   1270.78	   1318.58	   1296.76	   1258.53	    1189.4	   1086.18	   982.369	   890.741	   810.435	   742.424	   672.012	   627.325	   597.746	   576.859	   559.897	    542.85	   531.837	   541.903	    575.56	   566.867	   567.276	   589.985	   617.133	   647.336	   671.827	   678.921	   671.477	   652.632	   628.491	   604.634	
   366.802	   354.074	   350.173	   359.866	   380.374	   414.007	   475.442	   574.992	   723.973	   936.935	   1226.07	   1604.99	   2045.09	   2545.62	   3105.64	   3714.77	   4311.29	   4761.59	   4987.09	   5108.72	   4972.45	   4592.73	   4119.36	   3631.03	   3157.13	   2733.36	   2304.06	   1961.22	   1756.19	   1616.67	   1483.71	   1353.55	   1244.59	   1181.37	   1163.52	   1054.61	   988.777	   975.594	   972.959	   987.285	   1021.48	   1043.35	   1054.51	   1059.24	   1051.71	   1023.16	
   328.807	   362.037	   384.944	   411.138	   442.482	   482.784	    545.42	   641.914	   784.603	   990.634	   1284.39	   1699.34	   2241.81	   2947.92	   3852.75	   4949.91	   6149.05	   7222.78	   7982.76	   8568.17	   8660.64	   8286.83	   7719.86	   7081.67	    6380.3	   5634.78	   4767.76	      3964	   3471.19	   3119.61	   2795.18	   2472.21	   2182.66	   1986.84	   1875.54	   1591.26	   1433.78	   1390.96	   1352.81	   1326.99	   1317.83	   1280.19	   1229.72	   1182.98	   1144.01	   1117.07	
   277.148	   332.216	   372.338	   411.301	   453.107	   502.864	   577.358	   683.358	   833.351	   1040.09	   1318.52	   1687.74	   2155.56	   2732.48	   3452.68	   4342.01	   5365.76	   6383.06	   7284.44	   8165.78	   8611.18	   8537.73	   8098.25	      7475	    6743.4	   5981.82	   5115.64	   4331.12	    3889.2	   3593.87	    3324.1	   3065.68	   2815.18	    2643.4	   2547.76	   2171.51	   1936.37	   1851.71	   1779.84	   1725.97	    1699.4	   1648.61	   1588.04	   1513.62	   1435.42	   1361.12	
   289.902	   332.064	   366.694	   403.479	   443.444	   490.456	   559.759	   657.662	   797.387	   992.687	   1258.81	    1614.7	   2075.56	   2646.67	   3350.14	   4187.05	   5095.71	   5911.54	   6534.53	   7097.03	      7332	   7221.68	   6908.36	   6507.77	   6016.16	   5438.75	   4706.46	   3977.97	   3524.88	   3204.63	   2956.38	   2776.57	   2664.65	   2659.12	    2749.7	   2496.92	   2363.95	   2373.38	   2359.89	    2325.8	   2303.07	   2216.78	   2105.03	   1984.87	    1867.2	   1758.21	
   339.073	   353.677	   370.645	   397.138	   429.988	   468.144	   520.953	   593.736	   698.589	   848.319	   1058.35	   1346.74	   1731.69	   2218.88	   2830.25	   3572.65	   4403.25	   5190.35	   5845.18	   6463.04	   6771.04	   6716.86	   6407.72	   5975.92	   5460.01	   4907.26	   4265.74	   3671.47	    3317.3	   3065.33	   2854.37	    2687.7	   2565.54	   2543.69	   2633.47	   2428.46	   2363.81	   2486.63	   2622.79	   2745.82	   2872.37	   2902.26	    2853.6	   2747.66	   2605.96	   2449.11	
   410.167	   430.131	    438.68	   445.635	   450.397	   456.432	   473.797	   509.342	   570.126	   664.218	   800.623	   991.348	   1249.19	   1581.32	   2005.79	   2532.31	   3136.46	   3735.79	   4261.28	   4782.27	   5108.56	   5195.54	   5105.22	   4925.03	   4655.45	   4308.68	   3837.75	   3357.82	   3038.29	   2790.47	   2590.87	   2444.82	   2359.19	   2373.38	   2491.85	   2368.77	   2330.57	   2424.74	   2532.52	   2647.61	   2804.22	   2906.86	   2979.18	   3021.69	   3027.01	   2985.96	
   359.006	   414.741	   451.344	   482.855	   507.372	   522.613	   532.085	   540.195	     553.7	   580.638	   631.707	   718.854	   855.037	   1045.82	   1304.09	   1634.37	   2020.93	   2417.21	   2780.77	   3159.99	    3436.2	   3571.47	   3590.69	   3549.23	   3444.74	    3282.3	   3027.04	   2760.48	   2597.26	   2471.12	   2364.28	   2279.71	   2223.55	   2233.66	   2323.18	   2213.57	   2182.17	    2272.7	   2390.73	   2530.08	    2704.3	    2821.2	   2891.01	   2926.36	   2938.61	   2938.93	
   320.423	   404.327	   455.545	    489.55	   509.934	   521.081	   531.916	   546.403	    568.16	   599.001	   639.989	   693.086	    761.16	   843.534	   950.289	   1093.69	   1276.77	   1485.35	   1699.23	   1947.69	   2154.32	    2284.5	      2343	   2367.05	   2353.38	   2303.54	    2189.8	    2063.5	   1995.06	   1947.17	   1914.63	   1903.37	   1921.84	   2000.41	   2150.29	   2118.88	   2122.13	   2206.79	   2296.67	   2394.56	   2525.51	   2616.63	   2691.61	   2758.25	    2814.5	   2852.57	
   213.759	   313.851	   382.754	   438.782	   483.522	    514.06	   533.302	   545.293	   554.452	   566.377	   587.379	    623.11	   676.109	   746.738	   836.654	   942.542	    1052.8	   1144.52	   1206.58	   1275.92	   1329.12	   1364.19	   1389.02	   1420.61	   1448.22	   1461.85	   1437.84	   1405.14	   1399.92	   1405.03	   1420.34	   1449.77	   1501.16	   1595.72	   1747.61	    1767.6	   1804.55	   1911.42	   2036.48	   2175.32	   2337.25	   2448.57	    2518.7	   2555.25	   2568.62	   2570.76	
   206.954	   311.911	   370.784	   402.827	   417.043	    423.64	   433.815	   450.908	   475.242	   505.111	   538.022	   573.516	   611.047	   650.434	   696.591	   754.177	    821.79	   886.093	   939.898	   1001.54	    1039.7	    1042.5	   1013.29	   977.123	   941.118	    913.92	   888.075	   882.179	   900.392	   931.921	   971.897	   1020.52	   1083.03	   1174.19	   1306.77	   1350.78	   1390.79	   1479.54	   1587.11	    1710.8	   1858.25	   1977.83	   2076.53	   2158.11	   2221.85	   2266.32	
    120.39	   239.641	   316.262	   368.286	   402.031	   418.025	   420.385	   416.736	   410.354	   405.603	   409.627	   427.718	   460.778	   506.429	   562.742	     624.6	   683.324	   722.334	   738.854	   755.667	   761.645	   755.687	   741.429	   732.416	    724.53	   714.183	   691.218	    671.25	   657.139	   650.548	   655.949	   677.366	   719.559	   788.167	   890.161	   940.334	   973.794	   1036.07	   1116.87	   1211.26	   1323.34	   1419.48	   1502.32	   1573.22	   1633.84	   1685.78	
   44.1924	   96.5865	   152.646	   205.228	   250.718	   286.626	   313.523	    327.48	   339.203	   350.734	   360.843	   369.085	   379.612	   389.254	   401.598	   422.662	   453.977	   487.179	   516.915	   551.202	   573.249	   575.533	   560.069	   540.898	   521.792	   507.111	   493.015	   489.408	   494.625	   505.555	   518.509	   532.113	   548.462	   572.508	   612.508	   621.213	   619.949	   645.991	   694.655	   757.828	   833.263	   900.073	   958.064	   1009.16	   1054.01	   1094.51	
   6.76883	   16.7599	   29.5442	   45.5996	   64.9961	   87.8542	   114.397	   146.183	   174.155	    199.01	   221.892	    243.48	   259.966	   278.696	   300.929	   324.078	    343.09	   352.673	   350.278	   348.287	   345.729	   343.478	   342.513	    345.81	   350.431	   353.667	   350.325	   346.323	   343.486	   343.351	   347.338	   356.929	   374.651	   402.364	   442.058	   453.041	   441.378	   438.629	   446.192	   458.987	   480.376	   503.392	   529.309	   557.362	   585.918	   613.203	
  0.392427	   1.29807	   2.71295	   4.76709	   7.67355	   11.2949	   16.2365	   26.3046	   38.4542	   52.7353	   69.6492	   89.5313	   108.819	   126.871	   144.765	   163.563	   182.164	   197.066	    207.44	   218.207	   223.502	   220.388	   213.712	   202.103	   191.949	   186.074	   183.468	   185.218	   191.153	   199.643	   208.569	   217.108	   226.276	   237.938	   255.014	     256.2	   245.615	   244.957	   255.445	   268.873	   283.007	   291.446	    294.25	   293.264	    291.18	   291.249	
0.00368892	 0.0744425	   0.19189	  0.370967	  0.615082	  0.931728	   1.37204	   2.12911	   3.39886	   5.34892	    7.9561	   11.7105	   16.5392	   22.5577	   29.9584	    39.089	   50.0084	   61.5956	    70.608	    79.107	   86.5394	   92.2488	   95.0112	   97.8438	   100.034	   101.284	   100.368	    99.979	   99.6821	   100.356	   102.674	   107.041	       114	   123.797	   137.073	   139.946	   132.152	   128.133	   130.466	   134.049	   138.964	   142.969	   146.268	   148.906	   150.482	   150.749	
         	         	         	         	         	         	         	         	         	         	         	         	         	         	         	         	         	         	         	         	         	         	         	         	         	         	         	         	         	         	         	         	         	         	         	         	         	         	         	         	         	         	         	         	         	         	
         	         	         	         	         	         	         	         	         	         	         	         	         	         	         	         	         	         	         	         	         	         	         	         	         	         	         	         	         	         	         	         	         	         	         	         	         	         	         	         	         	         	         	         	         	         	
   4214.33	   3808.77	   3844.52	   4156.25	   4606.92	   4948.45	   5249.24	   5477.46	   5607.03	      5665	   5685.38	   5709.05	   5964.49	   6175.91	    6396.9	   6841.43	   7728.86	   8327.21	    8421.1	    8544.2	   8796.98	   8856.98	   8522.09	   8074.02	    7621.3	   7465.55	   7105.78	    6891.2	   6694.91	    6457.3	    6189.6	   5907.42	   5640.21	   5347.51	   4885.01	   4419.52	   5040.13	   5455.86	    5148.3	   4996.82	   5558.67	   5916.63	   6131.01	   6235.93	    6287.3	   6081.52	
   6011.89	   4912.14	   4615.21	   4746.09	   5084.74	    5385.6	   5727.31	   6304.95	   7025.45	   7884.53	      8836	   9843.17	   10910.9	   11790.5	   12613.3	   13779.4	   15593.3	   16966.5	   17456.8	   17861.1	   18163.5	   17884.8	   17023.2	   15777.2	   14463.1	   13643.1	   12517.2	   11495.6	   10739.5	   10090.7	   9501.43	   9000.24	   8585.77	   8045.27	   7204.47	   6295.76	   6900.92	   7157.71	    6529.3	   6246.92	   7037.55	   7684.84	   8215.71	   8651.67	   8943.99	   8685.74	
   4827.24	   4673.49	   4805.84	    5203.1	   5766.48	   6264.21	   6778.89	   7498.68	   8373.94	   9454.97	   10801.2	   12480.1	   14522.2	   16635.2	   18919.4	   21770.7	   25489.6	   28494.4	   29924.3	   31079.7	     31948	   31796.2	   31106.6	   29783.2	   28111.4	   26939.4	   25011.3	   22721.5	   20908.7	   19224.6	   17626.9	   16094.6	   14759.9	   13452.7	   11826.4	   9636.68	   10267.2	   10641.6	   9622.18	   9005.98	   9738.22	   10096.9	   10258.8	   10364.8	   10456.5	   10231.7	
    3570.4	   3887.56	   4305.23	   4935.47	   5757.26	   6561.12	    7434.8	    8485.1	   9656.59	   10951.6	   12382.2	   13992.4	   15948.2	   17863.7	   19959.4	   22796.1	   26804.3	   30418.3	   32861.2	   35281.1	   37357.6	   38040.1	   37624.6	   36160.7	   34204.5	   32972.3	   31061.4	   28914.4	   27529.4	   26247.5	   24886.2	   23427.7	   21919.5	   20217.7	   17866.5	   14251.1	   14750.1	   14876.3	   13188.2	   12147.6	   12910.4	   13235.9	   13365.8	     13282	   13068.3	   12381.8	
   3241.06	   3444.12	   3813.87	   4397.73	   5170.14	   5958.96	   6856.03	   7958.91	   9219.53	   10628.3	   12164.1	   13809.8	   15731.6	   17521.1	   19346.4	   21709.4	   25004.5	   27775.7	   29358.1	     30958	     32477	   33155.8	   33156.6	   32498.9	     31417	   30779.3	   29262.3	   27242.8	   25799.5	   24472.1	   23327.9	   22405.2	   21761.8	   21104.3	   19733.2	   16441.8	   17701.9	   18375.6	   16571.8	   15337.8	     16159	   16235.7	   16018.6	   15636.1	   15187.2	   14276.3	
   3100.92	   3060.14	   3284.83	   3753.46	   4414.19	   5089.35	   5844.08	   6729.09	   7719.13	   8818.94	   10036.8	   11375.7	   12981.1	   14513.8	   16102.2	   18146.8	   20964.9	   23356.6	   24740.7	   26079.5	   27274.1	   27683.1	     27319	   26385.6	   25182.9	   24515.4	   23332.2	   22025.6	   21242.7	   20492.5	   19765.1	   19129.1	   18624.9	   18099.3	   17073.9	   14505.4	   16059.9	   17396.9	   16506.3	   16078.7	   17679.2	   18415.9	   18594.9	   18361.7	   17870.4	   16729.3	
   2996.55	   2967.01	    3104.4	    3381.6	    3749.7	   4086.33	   4482.24	   5006.83	   5644.58	   6388.72	   7216.21	   8119.24	   9191.32	   10178.1	   11186.1	   12543.5	     14531	   16367.8	   17570.2	   18798.4	   19989.8	   20632.9	   20586.6	   20100.9	     19359	   18962.5	   18077.7	     17027	     16297	   15575.8	   14944.3	   14494.6	   14277.5	   14118.4	   13581.5	   11952.9	   13464.7	     14636	   13917.1	   13642.9	   15240.2	   16273.9	   17048.6	   17602.5	   17932.5	   17506.9	
   2214.03	   2410.05	   2647.44	   2982.42	   3376.93	   3682.54	   3938.06	    4161.5	   4367.73	   4588.92	   4865.94	   5233.71	   5805.05	    6388.5	   7034.77	   7932.32	   9276.11	     10541	   11388.4	   12277.4	   13222.3	   13892.2	   14093.4	   14020.5	   13777.1	   13784.5	   13391.2	   12841.7	   12473.9	   12050.4	   11615.9	   11258.2	   11011.8	   10745.7	   10182.5	   9009.08	   10226.5	   11246.5	   10894.1	     10916	   12446.1	   13497.1	     14254	   14777.3	   15144.5	   15011.5	
   1707.24	    2014.6	   2257.29	   2518.56	   2789.63	   2977.38	   3143.29	    3294.8	   3453.32	   3610.36	   3750.93	   3872.84	   4079.68	   4218.94	   4372.75	   4721.99	   5427.97	   6183.54	   6767.17	   7448.72	   8216.85	   8829.34	   9074.81	   9127.77	    9069.5	   9210.65	    9096.2	   8898.09	   8808.91	   8670.14	   8497.09	   8348.24	   8260.66	   8123.06	   7713.12	   6898.83	   7825.64	   8519.06	   8141.61	   8059.19	   9161.02	   9992.91	   10716.3	   11363.6	   11938.6	   12078.3	
   1040.91	   1421.99	   1690.86	   1972.16	   2264.12	   2465.64	   2602.71	   2666.39	   2685.92	   2681.37	   2674.19	   2682.26	   2797.08	   2898.42	   3013.86	   3238.78	   3667.78	   4040.08	   4228.91	   4466.62	   4811.09	   5139.75	   5305.51	   5420.72	   5504.73	   5725.63	   5770.67	   5751.33	   5763.37	   5726.21	   5658.57	   5612.54	   5615.88	   5574.71	   5328.97	   4863.78	   5578.35	   6107.76	   5861.35	   5815.33	   6628.56	   7232.94	   7718.37	    8111.6	    8447.3	   8505.76	
    864.51	   1218.17	   1412.36	   1566.39	   1698.15	   1772.48	   1840.87	   1902.44	   1962.72	   2009.36	   2028.61	   2019.74	   2048.93	   2033.98	   2019.81	   2097.04	   2346.65	   2602.57	   2771.62	   2985.51	   3248.69	   3451.22	   3453.41	   3389.71	    3310.9	   3360.72	   3354.28	   3368.01	   3427.95	    3474.8	   3492.31	   3509.84	    3535.3	   3505.79	   3328.66	   3068.52	   3534.97	   3888.83	   3759.47	   3763.35	   4347.99	   4805.53	    5186.1	   5505.31	   5775.98	   5824.78	
    450.67	   812.793	   1026.98	   1208.02	   1370.92	    1458.9	   1490.07	   1472.58	   1427.66	   1369.71	   1319.38	   1289.13	   1322.55	   1349.79	   1380.19	   1459.67	   1638.39	   1776.14	   1826.15	   1897.12	   2021.95	   2141.29	   2164.52	    2171.2	    2167.8	   2224.75	   2200.51	   2158.83	   2115.36	   2058.11	   1999.56	   1970.44	   1975.56	   1963.48	   1869.39	   1753.23	   2025.71	    2219.1	   2140.24	   2136.47	   2479.63	   2768.36	   3025.91	      3257	   3466.87	   3537.77	
   129.087	   268.544	    416.37	   569.046	    721.49	   838.653	   925.125	   960.242	   976.385	   976.873	   957.058	    917.73	   903.046	   868.746	    835.44	   848.334	   942.955	    1038.2	    1102.8	   1182.45	   1289.26	   1370.34	   1360.01	   1320.13	   1273.62	   1278.45	   1257.71	   1246.91	   1251.48	   1248.62	   1225.68	    1194.5	   1158.47	   1094.15	   982.445	   889.038	   993.315	      1070	      1033	   1038.55	   1220.74	   1380.27	    1520.7	   1645.29	   1757.87	   1798.75	
   13.8805	   32.9629	    57.715	   92.7906	   141.328	   199.958	   269.567	   347.973	    409.41	   453.236	   480.186	   493.236	   505.491	   509.281	   511.893	   531.186	   583.161	   620.295	   625.636	   633.767	   668.129	   706.717	   718.823	   724.981	   726.383	   746.394	   736.121	   703.966	   673.026	   639.837	   606.433	   582.451	   569.588	   549.165	   501.426	   455.645	    491.32	   501.036	   457.127	   433.882	   490.538	   545.045	   601.023	   658.384	   716.034	   742.772	
  0.576659	   1.77054	   3.63556	    6.6149	   11.3792	   17.7991	   26.8192	    44.597	   65.5181	   88.7624	   113.739	   139.902	   166.171	   183.446	   195.432	   212.705	   245.687	   274.501	   294.013	   314.828	   343.576	   362.634	   357.535	   343.356	   328.116	   328.446	   324.914	   310.216	    300.36	   289.524	   274.328	   257.977	   241.568	   219.847	   189.412	   163.624	   167.637	   168.401	   157.173	   152.393	   173.355	    189.26	   200.214	   207.692	   214.213	   213.778	
0.00449219	   0.07794	  0.194225	  0.390784	  0.686873	   1.07411	   1.59154	   2.44044	   3.92103	   6.20153	   9.15279	    12.988	   18.0882	   23.5003	   29.3427	   37.2737	   50.0492	   64.8852	    75.563	   85.2072	   98.5899	   112.053	    118.67	   122.213	   124.482	   129.617	   129.237	   128.013	   124.199	   118.106	   110.816	   104.607	   99.7459	    92.895	    81.337	   68.9799	   65.5123	   60.2571	   52.2062	   47.0239	   50.7399	   54.0319	   57.3816	   60.7765	   63.8769	    63.483	
         	         	         	         	         	         	         	         	         	         	         	         	         	         	         	         	         	         	         	         	         	         	         	         	         	         	         	         	         	         	         	         	         	         	         	         	         	         	         	         	         	         	         	         	         	         	
         	         	         	         	         	         	         	         	         	         	         	         	         	         	         	         	         	         	         	         	         	         	         	         	         	         	         	         	         	         	         	         	         	         	         	         	         	         	         	         	         	         	         	         	         	         	
   1938.06	   1929.22	    2064.8	    2329.1	   2685.46	   3018.14	   3388.76	   3753.94	   4126.81	   4517.73	   4927.36	   5350.13	   5909.54	   6418.46	   6918.72	   7546.45	   8392.37	   8883.99	   8880.93	   8821.05	   8802.57	   8617.06	   8241.65	   7776.19	   7295.85	   7046.07	   6631.32	   6321.32	   6063.63	   5792.75	   5509.96	    5201.5	    4899.7	   4610.38	   4246.76	   3872.57	   4279.78	   4575.92	   4381.48	   4306.95	   4643.52	   4847.35	    4950.6	   4968.82	   4943.99	   4736.74	
   2675.38	   2386.11	   2353.46	   2504.32	   2789.13	    3119.1	   3599.13	   4255.64	   5124.37	   6239.55	    7597.5	   9196.41	   10984.9	   12751.2	   14563.4	     16704	   19331.7	   21478.7	   22653.3	   23519.8	   23955.8	     23535	   22558.4	   20992.6	   19145.8	   17737.3	   15960.4	   14250.7	   13080.1	   12092.5	   11129.7	   10187.3	   9328.06	   8445.15	   7444.23	   6348.21	   6580.88	   6667.94	   6120.17	   5865.53	   6312.63	   6665.17	   6962.65	   7218.91	   7390.44	    7167.5	
   2082.33	   2109.37	    2224.2	   2450.72	   2772.19	   3099.65	   3508.31	   4012.18	   4646.68	   5457.41	   6504.86	   7867.78	    9629.7	     11692	     14162	   17271.4	   21173.5	   24766.5	   27292.8	   29430.4	   31021.5	   31550.9	   31552.2	   30732.6	   29224.8	   27820.8	   25454.7	   22617.2	   20622.6	   18841.5	   17081.3	   15307.1	     13656	   12095.3	   10450.2	   8462.88	   8530.82	   8555.16	   7684.91	   7133.14	   7369.26	   7409.05	   7372.32	   7335.88	   7329.16	   7155.89	
   1527.65	   1678.38	   1857.43	   2111.07	   2440.58	   2774.18	   3192.38	   3678.59	   4264.19	   4968.16	   5805.75	   6802.98	   8067.21	   9437.76	   11038.2	   13160.5	   16041.6	   18970.7	   21506.1	   24091.4	   26364.3	   27669.9	   28117.9	   27576.8	   26347.2	   25344.5	   23623.4	   21599.8	   20432.9	   19425.1	   18326.9	   17199.8	   16002.5	   14687.4	   13047.3	   10646.2	   10657.5	   10570.5	   9401.34	   8635.22	    8827.1	   8833.29	   8777.95	   8622.95	   8422.91	   7966.55	
   1362.38	   1434.79	   1568.01	   1777.66	   2054.06	   2333.15	   2677.23	   3071.12	   3544.49	   4118.51	   4809.67	   5643.36	   6741.03	   7945.98	   9330.64	   11089.7	   13369.3	   15483.4	   17057.4	     18560	     19928	   20794.4	   21278.2	   21262.5	   20791.6	   20387.9	   19242.9	   17609.2	   16538.3	   15622.9	   14852.1	   14311.8	   13982.4	   13696.4	   13097.7	   11378.1	     12079	   12566.3	   11536.4	   10767.5	   11047.6	     10955	   10716.3	   10396.8	   10055.4	   9439.57	
   1348.48	    1298.2	   1352.11	   1497.19	   1709.84	    1921.8	   2167.25	   2434.53	   2749.66	   3132.11	   3601.34	   4181.05	   4981.01	    5876.9	    6929.8	   8305.06	   10149.8	   11963.9	   13444.9	   14910.9	   16250.3	   17087.2	     17407	   17183.3	   16564.8	   16111.5	   15216.7	   14111.4	   13476.6	   12933.3	   12418.8	   12016.8	   11708.7	   11445.4	   11020.7	   9775.74	   10739.6	   11774.3	   11496.5	   11425.3	   12386.4	   12887.8	   13048.9	   12927.1	   12612.9	   11858.1	
   1400.07	   1352.86	   1368.66	   1435.57	   1532.59	   1611.56	   1711.83	   1837.46	   2001.64	   2212.27	   2473.19	   2796.68	   3262.02	   3787.32	      4419	   5279.71	   6484.29	    7722.9	   8778.87	   9870.52	   10962.7	   11815.4	   12364.4	   12589.9	   12518.1	   12504.2	   12037.6	     11269	   10714.1	   10166.8	   9672.21	    9314.4	   9110.31	   8981.03	   8728.87	   7993.88	    8879.6	   9676.03	   9414.97	   9404.43	   10393.7	   11160.7	   11832.4	   12386.9	   12793.9	   12670.2	
   1062.84	   1129.83	   1216.58	   1341.99	    1488.5	   1591.37	   1663.31	   1698.26	   1714.05	   1729.98	   1769.36	   1855.39	   2054.16	   2303.48	   2631.69	   3112.24	   3821.53	   4576.98	   5243.51	   5967.39	   6747.12	   7429.86	   7918.52	   8222.34	   8355.86	   8563.99	   8489.34	   8231.18	   8093.83	   7915.61	   7706.55	   7517.88	   7355.23	   7161.87	   6819.83	   6227.39	   6907.66	   7531.45	   7384.43	    7471.2	   8361.66	   9070.61	   9654.88	   10132.5	   10541.6	   10639.5	
   824.938	   953.668	   1058.65	   1170.58	   1286.88	   1367.26	   1437.47	   1492.93	   1539.91	   1576.65	   1598.93	   1610.38	   1661.92	   1699.63	   1760.11	   1918.31	   2240.68	   2625.52	   2995.42	   3442.12	   3963.42	   4456.02	   4817.18	   5081.32	   5257.63	   5508.58	   5581.92	   5543.62	   5558.56	   5535.72	    5491.9	   5473.02	   5487.49	   5478.88	   5330.83	   4998.75	   5611.21	   6091.76	   5889.25	   5852.16	   6466.92	   6978.04	   7469.94	    7952.7	   8423.59	   8621.99	
   483.729	   644.893	   771.368	   908.052	   1054.44	   1163.92	   1242.99	   1286.19	   1301.37	   1298.43	   1288.33	   1282.17	   1319.95	   1355.81	   1403.93	   1506.16	   1700.15	   1881.85	   1995.51	   2134.86	   2334.88	   2556.27	    2731.6	    2896.8	   3048.37	   3270.15	    3388.5	    3448.7	    3526.6	   3574.43	    3602.1	   3639.82	   3694.06	    3718.1	   3636.96	   3479.82	   3978.83	   4399.82	   4346.96	   4414.98	   4972.75	   5427.14	   5808.87	   6122.82	   6392.81	    6459.3	
   407.601	   554.106	   643.233	   716.145	   781.447	   825.771	   872.584	   920.221	   967.171	   1005.82	   1026.95	   1029.66	   1044.99	    1039.6	   1034.77	    1074.6	    1196.1	   1328.24	   1430.73	   1557.31	   1713.57	   1849.41	   1889.83	    1888.2	   1871.49	   1923.82	   1947.43	   1988.84	   2059.55	   2126.45	   2179.44	   2232.86	   2288.51	   2314.08	   2263.22	   2198.85	   2536.07	   2817.41	    2797.7	   2862.55	   3268.93	   3636.04	   3983.25	   4311.12	   4617.99	   4752.08	
   212.702	   372.568	   477.107	    567.94	   652.153	   703.727	   728.697	   731.556	   718.005	   695.552	   675.643	   666.272	   686.519	   707.401	   732.058	   780.918	   875.943	    958.77	   1002.31	   1055.92	    1138.6	   1227.04	   1270.67	   1302.27	   1324.25	   1378.55	   1379.41	   1364.48	    1344.5	   1315.91	   1289.35	   1283.54	   1299.79	   1308.62	   1276.53	   1259.17	   1460.46	   1621.59	   1613.29	   1656.17	   1908.23	   2147.26	   2379.71	   2604.12	   2823.21	   2941.78	
   67.5905	   131.156	   201.301	   276.192	   354.107	   419.364	   471.764	   499.153	   515.317	   521.829	   515.556	   497.173	   488.356	    469.42	   451.838	   458.612	   507.324	    566.29	   616.251	   678.788	   757.151	    827.96	   851.789	   854.683	    848.46	   871.535	   874.358	   881.179	   893.348	   898.108	   888.065	   870.129	   845.455	   800.503	   727.723	   684.927	   765.254	   831.042	   821.396	   844.677	   981.278	   1115.08	   1246.52	    1376.4	   1505.68	   1580.11	
   9.00019	    19.773	   33.8613	   53.4347	   80.1066	   112.328	   150.538	   194.662	   230.659	   257.556	   275.348	   284.699	   290.614	   292.236	   294.305	   305.232	   332.237	   354.734	   361.362	     371.9	   397.344	   431.672	   456.339	   479.317	   499.778	   532.542	   543.199	    543.83	   540.013	    529.93	   515.585	   504.451	   497.384	   481.738	    445.42	   420.952	    456.75	   469.883	    435.73	   419.376	   463.323	   511.572	   566.191	   626.481	   691.412	   730.888	
  0.454534	   1.33184	   2.70055	   4.85341	   8.22294	   12.5555	   18.5888	   30.4801	   44.3854	   59.5734	   75.4988	   91.4627	   106.207	   115.953	   123.184	   133.912	   153.351	   172.524	   186.389	   202.859	    223.29	   240.312	   246.541	     242.4	   237.092	    243.16	   247.446	   253.358	   261.914	   268.301	   268.963	   265.783	   259.395	   245.075	   220.014	   203.472	   217.107	   223.781	   211.951	   207.602	   229.641	    248.05	   262.479	   274.064	   285.321	   287.635	
0.00377227	 0.0678052	  0.170141	  0.336772	  0.587976	  0.925442	   1.40466	   2.21019	   3.52035	   5.43032	   7.76235	     10.78	   14.5562	   18.6301	   23.0881	   29.0318	    38.215	   48.9605	   57.6342	   66.8439	   78.6437	   91.5979	   99.9665	   107.112	   112.752	    120.64	   123.233	   124.365	   124.148	   122.597	   120.375	   119.154	   118.837	   115.865	    107.26	    100.66	   105.599	   105.547	   97.2995	   92.7115	   100.803	   108.638	   116.351	   123.908	   131.015	   131.671	
